# EARTH ORIENTATION PARAMETER (EOP) PRODUCT CENTER CENTER (PARIS OBSERVATORY) - INTERNATIONAL EARTH ROTATION AND REFERENCE SYSTEMS SERVICE  
# EOP (IERS) 20 C04 TIME SERIES  consistent with ITRF 2020 - sampled at 0h UTC     
# Description: https://hpiers.obspm.fr/eoppc/eop/eopc04/readme        Contact: christian.bizouard@obspm.fr                              
# Reference Precession-Nutation Model: IAU 2000
# format(4(i4),f10.2,2(f12.6),f12.7,2(f12.6),2(f12.6),f12.7,2(f12.6),f12.7,2(f12.6),2(f12.6),f12.7)
# YR  MM  DD  HH       MJD        x(")        y(")  UT1-UTC(s)       dX(")       dY(")  xrt("/day)  yrt("/day)      LOD(s)        x Er        y Er  UT1-UTC Er       dX Er       dY Er      xrt Er      yrt Er      LOD Er
1972   1   1   0  41317.00    0.030400    0.018700  -0.0454859    0.000000    0.000000    0.000000    0.000000   0.0025390    0.015000    0.015000   0.0019000    0.001989    0.002000    0.000000    0.000000   0.0007000
1972   1   2   0  41318.00    0.026900    0.017900  -0.0481008    0.000000    0.000000    0.000000    0.000000   0.0027080    0.015000    0.015000   0.0019000    0.001989    0.002000    0.000000    0.000000   0.0007000
1972   1   3   0  41319.00    0.023300    0.017200  -0.0509077    0.000000    0.000000    0.000000    0.000000   0.0028970    0.015000    0.015000   0.0019000    0.001989    0.002000    0.000000    0.000000   0.0007000
1972   1   4   0  41320.00    0.019801    0.016501  -0.0538936    0.000000    0.000000    0.000000    0.000000   0.0030650    0.015000    0.015000   0.0019000    0.001989    0.002000    0.000000    0.000000   0.0007000
1972   1   5   0  41321.00    0.016301    0.015901  -0.0570195    0.000000    0.000000    0.000000    0.000000   0.0031770    0.015000    0.015000   0.0019000    0.001989    0.002000    0.000000    0.000000   0.0007000
1972   1   6   0  41322.00    0.012801    0.015301  -0.0602134    0.000000    0.000000    0.000000    0.000000   0.0032200    0.015000    0.015000   0.0019000    0.001989    0.002000    0.000000    0.000000   0.0007000
1972   1   7   0  41323.00    0.009301    0.014801  -0.0634283    0.000000    0.000000    0.000000    0.000000   0.0032010    0.015000    0.015000   0.0019000    0.001989    0.002000    0.000000    0.000000   0.0007000
1972   1   8   0  41324.00    0.005902    0.014302  -0.0665972    0.000000    0.000000    0.000000    0.000000   0.0031370    0.015000    0.015000   0.0019000    0.001989    0.002000    0.000000    0.000000   0.0007000
1972   1   9   0  41325.00    0.002402    0.013902  -0.0696791    0.000000    0.000000    0.000000    0.000000   0.0030330    0.015000    0.015000   0.0019000    0.001989    0.002000    0.000000    0.000000   0.0007000
1972   1  10   0  41326.00   -0.001098    0.013502  -0.0726460    0.000000    0.000000    0.000000    0.000000   0.0028980    0.015000    0.015000   0.0019000    0.001989    0.002000    0.000000    0.000000   0.0007000
1972   1  11   0  41327.00   -0.004498    0.013202  -0.0754839    0.000000    0.000000    0.000000    0.000000   0.0027720    0.015000    0.015000   0.0019000    0.001989    0.002000    0.000000    0.000000   0.0007000
1972   1  12   0  41328.00   -0.007897    0.012903  -0.0782088    0.000000    0.000000    0.000000    0.000000   0.0026720    0.015000    0.015000   0.0019000    0.001989    0.002000    0.000000    0.000000   0.0007000
1972   1  13   0  41329.00   -0.011297    0.012703  -0.0808457    0.000000    0.000000    0.000000    0.000000   0.0026210    0.015000    0.015000   0.0019000    0.001989    0.002000    0.000000    0.000000   0.0007000
1972   1  14   0  41330.00   -0.014597    0.012503  -0.0834756    0.000000    0.000000    0.000000    0.000000   0.0026420    0.015000    0.015000   0.0019000    0.001989    0.002000    0.000000    0.000000   0.0007000
1972   1  15   0  41331.00   -0.017996    0.012304  -0.0861595    0.000000    0.000000    0.000000    0.000000   0.0027400    0.015000    0.015000   0.0019000    0.001989    0.002000    0.000000    0.000000   0.0007000
1972   1  16   0  41332.00   -0.021296    0.012204  -0.0889954    0.000000    0.000000    0.000000    0.000000   0.0029370    0.015000    0.015000   0.0019000    0.001989    0.002000    0.000000    0.000000   0.0007000
1972   1  17   0  41333.00   -0.024596    0.012104  -0.0920563    0.000000    0.000000    0.000000    0.000000   0.0031830    0.015000    0.015000   0.0019000    0.001989    0.002000    0.000000    0.000000   0.0007000
1972   1  18   0  41334.00   -0.027796    0.012104  -0.0953802    0.000000    0.000000    0.000000    0.000000   0.0034650    0.015000    0.015000   0.0019000    0.001989    0.002000    0.000000    0.000000   0.0007000
1972   1  19   0  41335.00   -0.030995    0.012105  -0.0989651    0.000000    0.000000    0.000000    0.000000   0.0037040    0.015000    0.015000   0.0019000    0.001989    0.002000    0.000000    0.000000   0.0007000
1972   1  20   0  41336.00   -0.034195    0.012105  -0.1027570    0.000000    0.000000    0.000000    0.000000   0.0038620    0.015000    0.015000   0.0019000    0.001989    0.002000    0.000000    0.000000   0.0007000
1972   1  21   0  41337.00   -0.037295    0.012205  -0.1066459    0.000000    0.000000    0.000000    0.000000   0.0038820    0.015000    0.015000   0.0019000    0.001989    0.002000    0.000000    0.000000   0.0007000
1972   1  22   0  41338.00   -0.040395    0.012305  -0.1104778    0.000000    0.000000    0.000000    0.000000   0.0037730    0.015000    0.015000   0.0019000    0.001989    0.002000    0.000000    0.000000   0.0007000
1972   1  23   0  41339.00   -0.043494    0.012406  -0.1141587    0.000000    0.000000    0.000000    0.000000   0.0035680    0.015000    0.015000   0.0019000    0.001989    0.002000    0.000000    0.000000   0.0007000
1972   1  24   0  41340.00   -0.046494    0.012606  -0.1176086    0.000000    0.000000    0.000000    0.000000   0.0033210    0.015000    0.015000   0.0019000    0.001989    0.002000    0.000000    0.000000   0.0007000
1972   1  25   0  41341.00   -0.049494    0.012806  -0.1208075    0.000000    0.000000    0.000000    0.000000   0.0030950    0.015000    0.015000   0.0019000    0.001989    0.002000    0.000000    0.000000   0.0007000
1972   1  26   0  41342.00   -0.052393    0.013007  -0.1238134    0.000000    0.000000    0.000000    0.000000   0.0029340    0.015000    0.015000   0.0019000    0.001989    0.002000    0.000000    0.000000   0.0007000
1972   1  27   0  41343.00   -0.055293    0.013307  -0.1267113    0.000000    0.000000    0.000000    0.000000   0.0028890    0.015000    0.015000   0.0019000    0.001989    0.002000    0.000000    0.000000   0.0007000
1972   1  28   0  41344.00   -0.058193    0.013607  -0.1296192    0.000000    0.000000    0.000000    0.000000   0.0029450    0.015000    0.015000   0.0019000    0.001989    0.002000    0.000000    0.000000   0.0007000
1972   1  29   0  41345.00   -0.060993    0.013907  -0.1326401    0.000000    0.000000    0.000000    0.000000   0.0030960    0.015000    0.015000   0.0019000    0.001989    0.002000    0.000000    0.000000   0.0007000
1972   1  30   0  41346.00   -0.063692    0.014208  -0.1358340    0.000000    0.000000    0.000000    0.000000   0.0032870    0.015000    0.015000   0.0019000    0.001989    0.002000    0.000000    0.000000   0.0007000
1972   1  31   0  41347.00   -0.066392    0.014608  -0.1392209    0.000000    0.000000    0.000000    0.000000   0.0034690    0.015000    0.015000   0.0019000    0.001989    0.002000    0.000000    0.000000   0.0007000
1972   2   1   0  41348.00   -0.069092    0.015008  -0.1427668    0.000000    0.000000    0.000000    0.000000   0.0036140    0.015000    0.015000   0.0019000    0.001989    0.002000    0.000000    0.000000   0.0007000
1972   2   2   0  41349.00   -0.071791    0.015509  -0.1464147    0.000000    0.000000    0.000000    0.000000   0.0036790    0.015000    0.015000   0.0019000    0.001989    0.002000    0.000000    0.000000   0.0007000
1972   2   3   0  41350.00   -0.074491    0.016009  -0.1501106    0.000000    0.000000    0.000000    0.000000   0.0036820    0.015000    0.015000   0.0019000    0.001989    0.002000    0.000000    0.000000   0.0007000
1972   2   4   0  41351.00   -0.077091    0.016609  -0.1537675    0.000000    0.000000    0.000000    0.000000   0.0036120    0.015000    0.015000   0.0019000    0.001989    0.002000    0.000000    0.000000   0.0007000
1972   2   5   0  41352.00   -0.079591    0.017109  -0.1573194    0.000000    0.000000    0.000000    0.000000   0.0034950    0.015000    0.015000   0.0019000    0.001989    0.002000    0.000000    0.000000   0.0007000
1972   2   6   0  41353.00   -0.082090    0.017810  -0.1607483    0.000000    0.000000    0.000000    0.000000   0.0033500    0.015000    0.015000   0.0019000    0.001989    0.002000    0.000000    0.000000   0.0007000
1972   2   7   0  41354.00   -0.084590    0.018510  -0.1640172    0.000000    0.000000    0.000000    0.000000   0.0031890    0.015000    0.015000   0.0019000    0.001989    0.002000    0.000000    0.000000   0.0007000
1972   2   8   0  41355.00   -0.087090    0.019210  -0.1671311    0.000000    0.000000    0.000000    0.000000   0.0030460    0.015000    0.015000   0.0019000    0.001989    0.002000    0.000000    0.000000   0.0007000
1972   2   9   0  41356.00   -0.089490    0.020010  -0.1701220    0.000000    0.000000    0.000000    0.000000   0.0029350    0.015000    0.015000   0.0019000    0.001989    0.002000    0.000000    0.000000   0.0007000
1972   2  10   0  41357.00   -0.091889    0.020811  -0.1730219    0.000000    0.000000    0.000000    0.000000   0.0028780    0.015000    0.015000   0.0019000    0.001989    0.002000    0.000000    0.000000   0.0007000
1972   2  11   0  41358.00   -0.094189    0.021811  -0.1759038    0.000000    0.000000    0.000000    0.000000   0.0029130    0.015000    0.015000   0.0019000    0.001989    0.002000    0.000000    0.000000   0.0007000
1972   2  12   0  41359.00   -0.096489    0.022811  -0.1788787    0.000000    0.000000    0.000000    0.000000   0.0030400    0.015000    0.015000   0.0019000    0.001989    0.002000    0.000000    0.000000   0.0007000
1972   2  13   0  41360.00   -0.098688    0.023812  -0.1820136    0.000000    0.000000    0.000000    0.000000   0.0032430    0.015000    0.015000   0.0019000    0.001989    0.002000    0.000000    0.000000   0.0007000
1972   2  14   0  41361.00   -0.100888    0.024912  -0.1853935    0.000000    0.000000    0.000000    0.000000   0.0035100    0.015000    0.015000   0.0019000    0.001989    0.002000    0.000000    0.000000   0.0007000
1972   2  15   0  41362.00   -0.103088    0.026112  -0.1890314    0.000000    0.000000    0.000000    0.000000   0.0037720    0.015000    0.015000   0.0019000    0.001989    0.002000    0.000000    0.000000   0.0007000
1972   2  16   0  41363.00   -0.105288    0.027412  -0.1929123    0.000000    0.000000    0.000000    0.000000   0.0039600    0.015000    0.015000   0.0019000    0.001989    0.002000    0.000000    0.000000   0.0007000
1972   2  17   0  41364.00   -0.107487    0.028813  -0.1969072    0.000000    0.000000    0.000000    0.000000   0.0040150    0.015000    0.015000   0.0019000    0.001989    0.002000    0.000000    0.000000   0.0007000
1972   2  18   0  41365.00   -0.109687    0.030213  -0.2008901    0.000000    0.000000    0.000000    0.000000   0.0039160    0.015000    0.015000   0.0019000    0.001989    0.002000    0.000000    0.000000   0.0007000
1972   2  19   0  41366.00   -0.111887    0.031713  -0.2047060    0.000000    0.000000    0.000000    0.000000   0.0037000    0.015000    0.015000   0.0019000    0.001989    0.002000    0.000000    0.000000   0.0007000
1972   2  20   0  41367.00   -0.114087    0.033413  -0.2082679    0.000000    0.000000    0.000000    0.000000   0.0034110    0.015000    0.015000   0.0019000    0.001989    0.002000    0.000000    0.000000   0.0007000
1972   2  21   0  41368.00   -0.116286    0.035014  -0.2115408    0.000000    0.000000    0.000000    0.000000   0.0031420    0.015000    0.015000   0.0019000    0.001989    0.002000    0.000000    0.000000   0.0007000
1972   2  22   0  41369.00   -0.118386    0.036814  -0.2145778    0.000000    0.000000    0.000000    0.000000   0.0029480    0.015000    0.015000   0.0019000    0.001989    0.002000    0.000000    0.000000   0.0007000
1972   2  23   0  41370.00   -0.120486    0.038714  -0.2174737    0.000000    0.000000    0.000000    0.000000   0.0028720    0.015000    0.015000   0.0019000    0.001989    0.002000    0.000000    0.000000   0.0007000
1972   2  24   0  41371.00   -0.122585    0.040615  -0.2203586    0.000000    0.000000    0.000000    0.000000   0.0029070    0.015000    0.015000   0.0019000    0.001989    0.002000    0.000000    0.000000   0.0007000
1972   2  25   0  41372.00   -0.124685    0.042715  -0.2233065    0.000000    0.000000    0.000000    0.000000   0.0030310    0.015000    0.015000   0.0019000    0.001989    0.002000    0.000000    0.000000   0.0007000
1972   2  26   0  41373.00   -0.126785    0.044915  -0.2264074    0.000000    0.000000    0.000000    0.000000   0.0032070    0.015000    0.015000   0.0019000    0.001989    0.002000    0.000000    0.000000   0.0007000
1972   2  27   0  41374.00   -0.128885    0.047215  -0.2296923    0.000000    0.000000    0.000000    0.000000   0.0033910    0.015000    0.015000   0.0019000    0.001989    0.002000    0.000000    0.000000   0.0007000
1972   2  28   0  41375.00   -0.130984    0.049616  -0.2331582    0.000000    0.000000    0.000000    0.000000   0.0035450    0.015000    0.015000   0.0019000    0.001989    0.002000    0.000000    0.000000   0.0007000
1972   2  29   0  41376.00   -0.133084    0.052016  -0.2367521    0.000000    0.000000    0.000000    0.000000   0.0036500    0.015000    0.015000   0.0019000    0.001989    0.002000    0.000000    0.000000   0.0007000
1972   3   1   0  41377.00   -0.135284    0.054516  -0.2403950    0.000000    0.000000    0.000000    0.000000   0.0036530    0.015000    0.015000   0.0019000    0.001989    0.002000    0.000000    0.000000   0.0007000
1972   3   2   0  41378.00   -0.137584    0.057016  -0.2440249    0.000000    0.000000    0.000000    0.000000   0.0036070    0.015000    0.015000   0.0019000    0.001989    0.002000    0.000000    0.000000   0.0007000
1972   3   3   0  41379.00   -0.139883    0.059517  -0.2475898    0.000000    0.000000    0.000000    0.000000   0.0035050    0.015000    0.015000   0.0019000    0.001989    0.002000    0.000000    0.000000   0.0007000
1972   3   4   0  41380.00   -0.142083    0.062117  -0.2510217    0.000000    0.000000    0.000000    0.000000   0.0033660    0.015000    0.015000   0.0019000    0.001989    0.002000    0.000000    0.000000   0.0007000
1972   3   5   0  41381.00   -0.144383    0.064817  -0.2543156    0.000000    0.000000    0.000000    0.000000   0.0032130    0.015000    0.015000   0.0019000    0.001989    0.002000    0.000000    0.000000   0.0007000
1972   3   6   0  41382.00   -0.146582    0.067518  -0.2574615    0.000000    0.000000    0.000000    0.000000   0.0030720    0.015000    0.015000   0.0019000    0.001989    0.002000    0.000000    0.000000   0.0007000
1972   3   7   0  41383.00   -0.148682    0.070418  -0.2604714    0.000000    0.000000    0.000000    0.000000   0.0029640    0.015000    0.015000   0.0019000    0.001989    0.002000    0.000000    0.000000   0.0007000
1972   3   8   0  41384.00   -0.150882    0.073318  -0.2633983    0.000000    0.000000    0.000000    0.000000   0.0029010    0.015000    0.015000   0.0019000    0.001989    0.002000    0.000000    0.000000   0.0007000
1972   3   9   0  41385.00   -0.152882    0.076218  -0.2662972    0.000000    0.000000    0.000000    0.000000   0.0029110    0.015000    0.015000   0.0019000    0.001989    0.002000    0.000000    0.000000   0.0007000
1972   3  10   0  41386.00   -0.154981    0.079219  -0.2692491    0.000000    0.000000    0.000000    0.000000   0.0030080    0.015000    0.015000   0.0019000    0.001989    0.002000    0.000000    0.000000   0.0007000
1972   3  11   0  41387.00   -0.156981    0.082319  -0.2723520    0.000000    0.000000    0.000000    0.000000   0.0032030    0.015000    0.015000   0.0019000    0.001989    0.002000    0.000000    0.000000   0.0007000
1972   3  12   0  41388.00   -0.158881    0.085419  -0.2756800    0.000000    0.000000    0.000000    0.000000   0.0034630    0.015000    0.015000   0.0019000    0.001989    0.002000    0.000000    0.000000   0.0007000
1972   3  13   0  41389.00   -0.160781    0.088619  -0.2792889    0.000000    0.000000    0.000000    0.000000   0.0037550    0.015000    0.015000   0.0019000    0.001989    0.002000    0.000000    0.000000   0.0007000
1972   3  14   0  41390.00   -0.162580    0.091820  -0.2831778    0.000000    0.000000    0.000000    0.000000   0.0040120    0.015000    0.015000   0.0019000    0.001989    0.002000    0.000000    0.000000   0.0007000
1972   3  15   0  41391.00   -0.164380    0.095020  -0.2872767    0.000000    0.000000    0.000000    0.000000   0.0041620    0.015000    0.015000   0.0019000    0.001989    0.002000    0.000000    0.000000   0.0007000
1972   3  16   0  41392.00   -0.166080    0.098320  -0.2914486    0.000000    0.000000    0.000000    0.000000   0.0041550    0.015000    0.015000   0.0019000    0.001989    0.002000    0.000000    0.000000   0.0007000
1972   3  17   0  41393.00   -0.167679    0.101621  -0.2955415    0.000000    0.000000    0.000000    0.000000   0.0039880    0.015000    0.015000   0.0019000    0.001989    0.002000    0.000000    0.000000   0.0007000
1972   3  18   0  41394.00   -0.169279    0.105021  -0.2993964    0.000000    0.000000    0.000000    0.000000   0.0037120    0.015000    0.015000   0.0019000    0.001989    0.002000    0.000000    0.000000   0.0007000
1972   3  19   0  41395.00   -0.170879    0.108321  -0.3029563    0.000000    0.000000    0.000000    0.000000   0.0034110    0.015000    0.015000   0.0019000    0.001989    0.002000    0.000000    0.000000   0.0007000
1972   3  20   0  41396.00   -0.172379    0.111721  -0.3062392    0.000000    0.000000    0.000000    0.000000   0.0031690    0.015000    0.015000   0.0019000    0.001989    0.002000    0.000000    0.000000   0.0007000
1972   3  21   0  41397.00   -0.173778    0.115122  -0.3093421    0.000000    0.000000    0.000000    0.000000   0.0030380    0.015000    0.015000   0.0019000    0.001989    0.002000    0.000000    0.000000   0.0007000
1972   3  22   0  41398.00   -0.175078    0.118622  -0.3123650    0.000000    0.000000    0.000000    0.000000   0.0030290    0.015000    0.015000   0.0019000    0.001989    0.002000    0.000000    0.000000   0.0007000
1972   3  23   0  41399.00   -0.176478    0.122022  -0.3154329    0.000000    0.000000    0.000000    0.000000   0.0031190    0.015000    0.015000   0.0019000    0.001989    0.002000    0.000000    0.000000   0.0007000
1972   3  24   0  41400.00   -0.177678    0.125522  -0.3186218    0.000000    0.000000    0.000000    0.000000   0.0032660    0.015000    0.015000   0.0019000    0.001989    0.002000    0.000000    0.000000   0.0007000
1972   3  25   0  41401.00   -0.178877    0.128923  -0.3219687    0.000000    0.000000    0.000000    0.000000   0.0034290    0.015000    0.015000   0.0019000    0.001989    0.002000    0.000000    0.000000   0.0007000
1972   3  26   0  41402.00   -0.180077    0.132423  -0.3254717    0.000000    0.000000    0.000000    0.000000   0.0035710    0.015000    0.015000   0.0019000    0.001989    0.002000    0.000000    0.000000   0.0007000
1972   3  27   0  41403.00   -0.181077    0.135923  -0.3290956    0.000000    0.000000    0.000000    0.000000   0.0036670    0.015000    0.015000   0.0019000    0.001989    0.002000    0.000000    0.000000   0.0007000
1972   3  28   0  41404.00   -0.182176    0.139424  -0.3327855    0.000000    0.000000    0.000000    0.000000   0.0037120    0.015000    0.015000   0.0019000    0.001989    0.002000    0.000000    0.000000   0.0007000
1972   3  29   0  41405.00   -0.183176    0.142824  -0.3364864    0.000000    0.000000    0.000000    0.000000   0.0036790    0.015000    0.015000   0.0019000    0.001989    0.002000    0.000000    0.000000   0.0007000
1972   3  30   0  41406.00   -0.184076    0.146324  -0.3401333    0.000000    0.000000    0.000000    0.000000   0.0035960    0.015000    0.015000   0.0019000    0.001989    0.002000    0.000000    0.000000   0.0007000
1972   3  31   0  41407.00   -0.184976    0.149824  -0.3436732    0.000000    0.000000    0.000000    0.000000   0.0034690    0.015000    0.015000   0.0019000    0.001989    0.002000    0.000000    0.000000   0.0007000
1972   4   1   0  41408.00   -0.185775    0.153225  -0.3470731    0.000000    0.000000    0.000000    0.000000   0.0033310    0.015000    0.015000   0.0019000    0.001989    0.002000    0.000000    0.000000   0.0007000
1972   4   2   0  41409.00   -0.186575    0.156725  -0.3503250    0.000000    0.000000    0.000000    0.000000   0.0031860    0.015000    0.015000   0.0019000    0.001989    0.002000    0.000000    0.000000   0.0007000
1972   4   3   0  41410.00   -0.187275    0.160125  -0.3534539    0.000000    0.000000    0.000000    0.000000   0.0030780    0.015000    0.015000   0.0019000    0.001989    0.002000    0.000000    0.000000   0.0007000
1972   4   4   0  41411.00   -0.187975    0.163525  -0.3564968    0.000000    0.000000    0.000000    0.000000   0.0030180    0.015000    0.015000   0.0019000    0.001989    0.002000    0.000000    0.000000   0.0007000
1972   4   5   0  41412.00   -0.188574    0.167026  -0.3595117    0.000000    0.000000    0.000000    0.000000   0.0030230    0.015000    0.015000   0.0019000    0.001989    0.002000    0.000000    0.000000   0.0007000
1972   4   6   0  41413.00   -0.189074    0.170326  -0.3625677    0.000000    0.000000    0.000000    0.000000   0.0031020    0.015000    0.015000   0.0019000    0.001989    0.002000    0.000000    0.000000   0.0007000
1972   4   7   0  41414.00   -0.189574    0.173726  -0.3657436    0.000000    0.000000    0.000000    0.000000   0.0032630    0.015000    0.015000   0.0019000    0.001989    0.002000    0.000000    0.000000   0.0007000
1972   4   8   0  41415.00   -0.190073    0.177127  -0.3691205    0.000000    0.000000    0.000000    0.000000   0.0034910    0.015000    0.015000   0.0019000    0.001989    0.002000    0.000000    0.000000   0.0007000
1972   4   9   0  41416.00   -0.190473    0.180427  -0.3727434    0.000000    0.000000    0.000000    0.000000   0.0037710    0.015000    0.015000   0.0019000    0.001989    0.002000    0.000000    0.000000   0.0007000
1972   4  10   0  41417.00   -0.190773    0.183727  -0.3766533    0.000000    0.000000    0.000000    0.000000   0.0040550    0.015000    0.015000   0.0019000    0.001989    0.002000    0.000000    0.000000   0.0007000
1972   4  11   0  41418.00   -0.191073    0.187027  -0.3808232    0.000000    0.000000    0.000000    0.000000   0.0042680    0.015000    0.015000   0.0019000    0.001989    0.002000    0.000000    0.000000   0.0007000
1972   4  12   0  41419.00   -0.191372    0.190328  -0.3851471    0.000000    0.000000    0.000000    0.000000   0.0043550    0.015000    0.015000   0.0019000    0.001989    0.002000    0.000000    0.000000   0.0007000
1972   4  13   0  41420.00   -0.191572    0.193528  -0.3894780    0.000000    0.000000    0.000000    0.000000   0.0042790    0.015000    0.015000   0.0019000    0.001989    0.002000    0.000000    0.000000   0.0007000
1972   4  14   0  41421.00   -0.191672    0.196728  -0.3936569    0.000000    0.000000    0.000000    0.000000   0.0040500    0.015000    0.015000   0.0019000    0.001989    0.002000    0.000000    0.000000   0.0007000
1972   4  15   0  41422.00   -0.191772    0.199928  -0.3975619    0.000000    0.000000    0.000000    0.000000   0.0037450    0.015000    0.015000   0.0019000    0.001989    0.002000    0.000000    0.000000   0.0007000
1972   4  16   0  41423.00   -0.191771    0.203029  -0.4011628    0.000000    0.000000    0.000000    0.000000   0.0034570    0.015000    0.015000   0.0019000    0.001989    0.002000    0.000000    0.000000   0.0007000
1972   4  17   0  41424.00   -0.191771    0.206129  -0.4045077    0.000000    0.000000    0.000000    0.000000   0.0032530    0.015000    0.015000   0.0019000    0.001989    0.002000    0.000000    0.000000   0.0007000
1972   4  18   0  41425.00   -0.191671    0.209229  -0.4077136    0.000000    0.000000    0.000000    0.000000   0.0031800    0.015000    0.015000   0.0019000    0.001989    0.002000    0.000000    0.000000   0.0007000
1972   4  19   0  41426.00   -0.191570    0.212330  -0.4109075    0.000000    0.000000    0.000000    0.000000   0.0032250    0.015000    0.015000   0.0019000    0.001989    0.002000    0.000000    0.000000   0.0007000
1972   4  20   0  41427.00   -0.191370    0.215330  -0.4141874    0.000000    0.000000    0.000000    0.000000   0.0033420    0.015000    0.015000   0.0019000    0.001989    0.002000    0.000000    0.000000   0.0007000
1972   4  21   0  41428.00   -0.191170    0.218330  -0.4175983    0.000000    0.000000    0.000000    0.000000   0.0034800    0.015000    0.015000   0.0019000    0.001989    0.002000    0.000000    0.000000   0.0007000
1972   4  22   0  41429.00   -0.190870    0.221230  -0.4211392    0.000000    0.000000    0.000000    0.000000   0.0035980    0.015000    0.015000   0.0019000    0.001989    0.002000    0.000000    0.000000   0.0007000
1972   4  23   0  41430.00   -0.190569    0.224231  -0.4247781    0.000000    0.000000    0.000000    0.000000   0.0036720    0.015000    0.015000   0.0019000    0.001989    0.002000    0.000000    0.000000   0.0007000
1972   4  24   0  41431.00   -0.190169    0.227131  -0.4284641    0.000000    0.000000    0.000000    0.000000   0.0036900    0.015000    0.015000   0.0019000    0.001989    0.002000    0.000000    0.000000   0.0007000
1972   4  25   0  41432.00   -0.189769    0.229931  -0.4321390    0.000000    0.000000    0.000000    0.000000   0.0036480    0.015000    0.015000   0.0019000    0.001989    0.002000    0.000000    0.000000   0.0007000
1972   4  26   0  41433.00   -0.189268    0.232732  -0.4357519    0.000000    0.000000    0.000000    0.000000   0.0035590    0.015000    0.015000   0.0019000    0.001989    0.002000    0.000000    0.000000   0.0007000
1972   4  27   0  41434.00   -0.188668    0.235532  -0.4392418    0.000000    0.000000    0.000000    0.000000   0.0034240    0.015000    0.015000   0.0019000    0.001989    0.002000    0.000000    0.000000   0.0007000
1972   4  28   0  41435.00   -0.188168    0.238332  -0.4425917    0.000000    0.000000    0.000000    0.000000   0.0032620    0.015000    0.015000   0.0019000    0.001989    0.002000    0.000000    0.000000   0.0007000
1972   4  29   0  41436.00   -0.187468    0.241032  -0.4457746    0.000000    0.000000    0.000000    0.000000   0.0031070    0.015000    0.015000   0.0019000    0.001989    0.002000    0.000000    0.000000   0.0007000
1972   4  30   0  41437.00   -0.186867    0.243733  -0.4488115    0.000000    0.000000    0.000000    0.000000   0.0029730    0.015000    0.015000   0.0019000    0.001989    0.002000    0.000000    0.000000   0.0007000
1972   5   1   0  41438.00   -0.186067    0.246433  -0.4517355    0.000000    0.000000    0.000000    0.000000   0.0028830    0.015000    0.015000   0.0019000    0.001989    0.002000    0.000000    0.000000   0.0007000
1972   5   2   0  41439.00   -0.185267    0.249033  -0.4545874    0.000000    0.000000    0.000000    0.000000   0.0028520    0.015000    0.015000   0.0019000    0.001989    0.002000    0.000000    0.000000   0.0007000
1972   5   3   0  41440.00   -0.184467    0.251633  -0.4574613    0.000000    0.000000    0.000000    0.000000   0.0029000    0.015000    0.015000   0.0019000    0.001989    0.002000    0.000000    0.000000   0.0007000
1972   5   4   0  41441.00   -0.183566    0.254134  -0.4604112    0.000000    0.000000    0.000000    0.000000   0.0030200    0.015000    0.015000   0.0019000    0.001989    0.002000    0.000000    0.000000   0.0007000
1972   5   5   0  41442.00   -0.182666    0.256734  -0.4635241    0.000000    0.000000    0.000000    0.000000   0.0032180    0.015000    0.015000   0.0019000    0.001989    0.002000    0.000000    0.000000   0.0007000
1972   5   6   0  41443.00   -0.181666    0.259234  -0.4668640    0.000000    0.000000    0.000000    0.000000   0.0034590    0.015000    0.015000   0.0019000    0.001989    0.002000    0.000000    0.000000   0.0007000
1972   5   7   0  41444.00   -0.180665    0.261635  -0.4704579    0.000000    0.000000    0.000000    0.000000   0.0037300    0.015000    0.015000   0.0019000    0.001989    0.002000    0.000000    0.000000   0.0007000
1972   5   8   0  41445.00   -0.179565    0.264035  -0.4743259    0.000000    0.000000    0.000000    0.000000   0.0039740    0.015000    0.015000   0.0019000    0.001989    0.002000    0.000000    0.000000   0.0007000
1972   5   9   0  41446.00   -0.178365    0.266435  -0.4783888    0.000000    0.000000    0.000000    0.000000   0.0041340    0.015000    0.015000   0.0019000    0.001989    0.002000    0.000000    0.000000   0.0007000
1972   5  10   0  41447.00   -0.177165    0.268835  -0.4825487    0.000000    0.000000    0.000000    0.000000   0.0041620    0.015000    0.015000   0.0019000    0.001989    0.002000    0.000000    0.000000   0.0007000
1972   5  11   0  41448.00   -0.175964    0.271136  -0.4866536    0.000000    0.000000    0.000000    0.000000   0.0040360    0.015000    0.015000   0.0019000    0.001989    0.002000    0.000000    0.000000   0.0007000
1972   5  12   0  41449.00   -0.174664    0.273436  -0.4905835    0.000000    0.000000    0.000000    0.000000   0.0038110    0.015000    0.015000   0.0019000    0.001989    0.002000    0.000000    0.000000   0.0007000
1972   5  13   0  41450.00   -0.173264    0.275736  -0.4942744    0.000000    0.000000    0.000000    0.000000   0.0035530    0.015000    0.015000   0.0019000    0.001989    0.002000    0.000000    0.000000   0.0007000
1972   5  14   0  41451.00   -0.171864    0.278036  -0.4977083    0.000000    0.000000    0.000000    0.000000   0.0033320    0.015000    0.015000   0.0019000    0.001989    0.002000    0.000000    0.000000   0.0007000
1972   5  15   0  41452.00   -0.170363    0.280237  -0.5009773    0.000000    0.000000    0.000000    0.000000   0.0032280    0.015000    0.015000   0.0019000    0.001989    0.002000    0.000000    0.000000   0.0007000
1972   5  16   0  41453.00   -0.168863    0.282437  -0.5042002    0.000000    0.000000    0.000000    0.000000   0.0032470    0.015000    0.015000   0.0019000    0.001989    0.002000    0.000000    0.000000   0.0007000
1972   5  17   0  41454.00   -0.167263    0.284637  -0.5074951    0.000000    0.000000    0.000000    0.000000   0.0033440    0.015000    0.015000   0.0019000    0.001989    0.002000    0.000000    0.000000   0.0007000
1972   5  18   0  41455.00   -0.165562    0.286838  -0.5109020    0.000000    0.000000    0.000000    0.000000   0.0034810    0.015000    0.015000   0.0019000    0.001989    0.002000    0.000000    0.000000   0.0007000
1972   5  19   0  41456.00   -0.163862    0.288938  -0.5144409    0.000000    0.000000    0.000000    0.000000   0.0036020    0.015000    0.015000   0.0019000    0.001989    0.002000    0.000000    0.000000   0.0007000
1972   5  20   0  41457.00   -0.162162    0.291038  -0.5180888    0.000000    0.000000    0.000000    0.000000   0.0036830    0.015000    0.015000   0.0019000    0.001989    0.002000    0.000000    0.000000   0.0007000
1972   5  21   0  41458.00   -0.160362    0.293138  -0.5217768    0.000000    0.000000    0.000000    0.000000   0.0036930    0.015000    0.015000   0.0019000    0.001989    0.002000    0.000000    0.000000   0.0007000
1972   5  22   0  41459.00   -0.158461    0.295239  -0.5254537    0.000000    0.000000    0.000000    0.000000   0.0036420    0.015000    0.015000   0.0019000    0.001989    0.002000    0.000000    0.000000   0.0007000
1972   5  23   0  41460.00   -0.156561    0.297339  -0.5290426    0.000000    0.000000    0.000000    0.000000   0.0035270    0.015000    0.015000   0.0019000    0.001989    0.002000    0.000000    0.000000   0.0007000
1972   5  24   0  41461.00   -0.154561    0.299439  -0.5325015    0.000000    0.000000    0.000000    0.000000   0.0033770    0.015000    0.015000   0.0019000    0.001989    0.002000    0.000000    0.000000   0.0007000
1972   5  25   0  41462.00   -0.152561    0.301539  -0.5357864    0.000000    0.000000    0.000000    0.000000   0.0031980    0.015000    0.015000   0.0019000    0.001989    0.002000    0.000000    0.000000   0.0007000
1972   5  26   0  41463.00   -0.150460    0.303540  -0.5388853    0.000000    0.000000    0.000000    0.000000   0.0030020    0.015000    0.015000   0.0019000    0.001989    0.002000    0.000000    0.000000   0.0007000
1972   5  27   0  41464.00   -0.148360    0.305640  -0.5418043    0.000000    0.000000    0.000000    0.000000   0.0028310    0.015000    0.015000   0.0019000    0.001989    0.002000    0.000000    0.000000   0.0007000
1972   5  28   0  41465.00   -0.146160    0.307640  -0.5445712    0.000000    0.000000    0.000000    0.000000   0.0027000    0.015000    0.015000   0.0019000    0.001989    0.002000    0.000000    0.000000   0.0007000
1972   5  29   0  41466.00   -0.143959    0.309641  -0.5472231    0.000000    0.000000    0.000000    0.000000   0.0026260    0.015000    0.015000   0.0019000    0.001989    0.002000    0.000000    0.000000   0.0007000
1972   5  30   0  41467.00   -0.141759    0.311741  -0.5498350    0.000000    0.000000    0.000000    0.000000   0.0026210    0.015000    0.015000   0.0019000    0.001989    0.002000    0.000000    0.000000   0.0007000
1972   5  31   0  41468.00   -0.139359    0.313741  -0.5524879    0.000000    0.000000    0.000000    0.000000   0.0026860    0.015000    0.015000   0.0019000    0.001989    0.002000    0.000000    0.000000   0.0007000
1972   6   1   0  41469.00   -0.137059    0.315741  -0.5552298    0.000000    0.000000    0.000000    0.000000   0.0028150    0.015000    0.015000   0.0019000    0.001989    0.002000    0.000000    0.000000   0.0007000
1972   6   2   0  41470.00   -0.134658    0.317742  -0.5581348    0.000000    0.000000    0.000000    0.000000   0.0030010    0.015000    0.015000   0.0019000    0.001989    0.002000    0.000000    0.000000   0.0007000
1972   6   3   0  41471.00   -0.132258    0.319842  -0.5612377    0.000000    0.000000    0.000000    0.000000   0.0031960    0.015000    0.015000   0.0019000    0.001989    0.002000    0.000000    0.000000   0.0007000
1972   6   4   0  41472.00   -0.129758    0.321842  -0.5645296    0.000000    0.000000    0.000000    0.000000   0.0033820    0.015000    0.015000   0.0019000    0.001989    0.002000    0.000000    0.000000   0.0007000
1972   6   5   0  41473.00   -0.127358    0.323842  -0.5679805    0.000000    0.000000    0.000000    0.000000   0.0034970    0.015000    0.015000   0.0019000    0.001989    0.002000    0.000000    0.000000   0.0007000
1972   6   6   0  41474.00   -0.124757    0.325843  -0.5714994    0.000000    0.000000    0.000000    0.000000   0.0035210    0.015000    0.015000   0.0019000    0.001989    0.002000    0.000000    0.000000   0.0007000
1972   6   7   0  41475.00   -0.122257    0.327843  -0.5749814    0.000000    0.000000    0.000000    0.000000   0.0034240    0.015000    0.015000   0.0019000    0.001989    0.002000    0.000000    0.000000   0.0007000
1972   6   8   0  41476.00   -0.119657    0.329843  -0.5783093    0.000000    0.000000    0.000000    0.000000   0.0032170    0.015000    0.015000   0.0019000    0.001989    0.002000    0.000000    0.000000   0.0007000
1972   6   9   0  41477.00   -0.117056    0.331844  -0.5813852    0.000000    0.000000    0.000000    0.000000   0.0029510    0.015000    0.015000   0.0019000    0.001989    0.002000    0.000000    0.000000   0.0007000
1972   6  10   0  41478.00   -0.114356    0.333744  -0.5842071    0.000000    0.000000    0.000000    0.000000   0.0026910    0.015000    0.015000   0.0019000    0.001989    0.002000    0.000000    0.000000   0.0007000
1972   6  11   0  41479.00   -0.111756    0.335744  -0.5868070    0.000000    0.000000    0.000000    0.000000   0.0025280    0.015000    0.015000   0.0019000    0.001989    0.002000    0.000000    0.000000   0.0007000
1972   6  12   0  41480.00   -0.109056    0.337744  -0.5893159    0.000000    0.000000    0.000000    0.000000   0.0024920    0.015000    0.015000   0.0019000    0.001989    0.002000    0.000000    0.000000   0.0007000
1972   6  13   0  41481.00   -0.106355    0.339745  -0.5918409    0.000000    0.000000    0.000000    0.000000   0.0025750    0.015000    0.015000   0.0019000    0.001989    0.002000    0.000000    0.000000   0.0007000
1972   6  14   0  41482.00   -0.103555    0.341645  -0.5944888    0.000000    0.000000    0.000000    0.000000   0.0027270    0.015000    0.015000   0.0019000    0.001989    0.002000    0.000000    0.000000   0.0007000
1972   6  15   0  41483.00   -0.100755    0.343645  -0.5972967    0.000000    0.000000    0.000000    0.000000   0.0028840    0.015000    0.015000   0.0019000    0.001989    0.002000    0.000000    0.000000   0.0007000
1972   6  16   0  41484.00   -0.098055    0.345545  -0.6002416    0.000000    0.000000    0.000000    0.000000   0.0029850    0.015000    0.015000   0.0019000    0.001989    0.002000    0.000000    0.000000   0.0007000
1972   6  17   0  41485.00   -0.095254    0.347446  -0.6032425    0.000000    0.000000    0.000000    0.000000   0.0030250    0.015000    0.015000   0.0019000    0.001989    0.002000    0.000000    0.000000   0.0007000
1972   6  18   0  41486.00   -0.092354    0.349346  -0.6062565    0.000000    0.000000    0.000000    0.000000   0.0029820    0.015000    0.015000   0.0019000    0.001989    0.002000    0.000000    0.000000   0.0007000
1972   6  19   0  41487.00   -0.089554    0.351346  -0.6091954    0.000000    0.000000    0.000000    0.000000   0.0028880    0.015000    0.015000   0.0019000    0.001989    0.002000    0.000000    0.000000   0.0007000
1972   6  20   0  41488.00   -0.086653    0.353147  -0.6120173    0.000000    0.000000    0.000000    0.000000   0.0027480    0.015000    0.015000   0.0019000    0.001989    0.002000    0.000000    0.000000   0.0007000
1972   6  21   0  41489.00   -0.083753    0.355047  -0.6146922    0.000000    0.000000    0.000000    0.000000   0.0025790    0.015000    0.015000   0.0019000    0.001989    0.002000    0.000000    0.000000   0.0007000
1972   6  22   0  41490.00   -0.080853    0.356947  -0.6171812    0.000000    0.000000    0.000000    0.000000   0.0023980    0.015000    0.015000   0.0019000    0.001989    0.002000    0.000000    0.000000   0.0007000
1972   6  23   0  41491.00   -0.077953    0.358747  -0.6194931    0.000000    0.000000    0.000000    0.000000   0.0022390    0.015000    0.015000   0.0019000    0.001989    0.002000    0.000000    0.000000   0.0007000
1972   6  24   0  41492.00   -0.075052    0.360648  -0.6216600    0.000000    0.000000    0.000000    0.000000   0.0021140    0.015000    0.015000   0.0019000    0.001989    0.002000    0.000000    0.000000   0.0007000
1972   6  25   0  41493.00   -0.072052    0.362448  -0.6237279    0.000000    0.000000    0.000000    0.000000   0.0020440    0.015000    0.015000   0.0019000    0.001989    0.002000    0.000000    0.000000   0.0007000
1972   6  26   0  41494.00   -0.069152    0.364248  -0.6257598    0.000000    0.000000    0.000000    0.000000   0.0020420    0.015000    0.015000   0.0019000    0.001989    0.002000    0.000000    0.000000   0.0007000
1972   6  27   0  41495.00   -0.066152    0.366048  -0.6278378    0.000000    0.000000    0.000000    0.000000   0.0021250    0.015000    0.015000   0.0019000    0.001989    0.002000    0.000000    0.000000   0.0007000
1972   6  28   0  41496.00   -0.063151    0.367749  -0.6300337    0.000000    0.000000    0.000000    0.000000   0.0022760    0.015000    0.015000   0.0019000    0.001989    0.002000    0.000000    0.000000   0.0007000
1972   6  29   0  41497.00   -0.060151    0.369549  -0.6324066    0.000000    0.000000    0.000000    0.000000   0.0024770    0.015000    0.015000   0.0019000    0.001989    0.002000    0.000000    0.000000   0.0007000
1972   6  30   0  41498.00   -0.057151    0.371249  -0.6349935    0.000000    0.000000    0.000000    0.000000   0.0027070    0.015000    0.015000   0.0019000    0.001989    0.002000    0.000000    0.000000   0.0007000
1972   7   1   0  41499.00   -0.054050    0.372950   0.3621956    0.000000    0.000000    0.000000    0.000000   0.0029080    0.015000    0.015000   0.0019000    0.001989    0.002000    0.000000    0.000000   0.0007000
1972   7   2   0  41500.00   -0.051050    0.374550   0.3592006    0.000000    0.000000    0.000000    0.000000   0.0030580    0.015000    0.015000   0.0019000    0.001989    0.002000    0.000000    0.000000   0.0007000
1972   7   3   0  41501.00   -0.047950    0.376250   0.3561097    0.000000    0.000000    0.000000    0.000000   0.0031050    0.015000    0.015000   0.0019000    0.001989    0.002000    0.000000    0.000000   0.0007000
1972   7   4   0  41502.00   -0.044950    0.377850   0.3530268    0.000000    0.000000    0.000000    0.000000   0.0030450    0.015000    0.015000   0.0019000    0.001989    0.002000    0.000000    0.000000   0.0007000
1972   7   5   0  41503.00   -0.041849    0.379451   0.3500439    0.000000    0.000000    0.000000    0.000000   0.0028870    0.015000    0.015000   0.0019000    0.001989    0.002000    0.000000    0.000000   0.0007000
1972   7   6   0  41504.00   -0.038749    0.380951   0.3472639    0.000000    0.000000    0.000000    0.000000   0.0026670    0.015000    0.015000   0.0019000    0.001989    0.002000    0.000000    0.000000   0.0007000
1972   7   7   0  41505.00   -0.035649    0.382451   0.3447110    0.000000    0.000000    0.000000    0.000000   0.0024350    0.015000    0.015000   0.0019000    0.001989    0.002000    0.000000    0.000000   0.0007000
1972   7   8   0  41506.00   -0.032549    0.383951   0.3423751    0.000000    0.000000    0.000000    0.000000   0.0022620    0.015000    0.015000   0.0019000    0.001989    0.002000    0.000000    0.000000   0.0007000
1972   7   9   0  41507.00   -0.029448    0.385352   0.3401592    0.000000    0.000000    0.000000    0.000000   0.0021880    0.015000    0.015000   0.0019000    0.001989    0.002000    0.000000    0.000000   0.0007000
1972   7  10   0  41508.00   -0.026348    0.386752   0.3379592    0.000000    0.000000    0.000000    0.000000   0.0022230    0.015000    0.015000   0.0019000    0.001989    0.002000    0.000000    0.000000   0.0007000
1972   7  11   0  41509.00   -0.023248    0.388152   0.3356723    0.000000    0.000000    0.000000    0.000000   0.0023310    0.015000    0.015000   0.0019000    0.001989    0.002000    0.000000    0.000000   0.0007000
1972   7  12   0  41510.00   -0.020147    0.389453   0.3332844    0.000000    0.000000    0.000000    0.000000   0.0024750    0.015000    0.015000   0.0019000    0.001989    0.002000    0.000000    0.000000   0.0007000
1972   7  13   0  41511.00   -0.016947    0.390653   0.3307405    0.000000    0.000000    0.000000    0.000000   0.0026140    0.015000    0.015000   0.0019000    0.001989    0.002000    0.000000    0.000000   0.0007000
1972   7  14   0  41512.00   -0.013847    0.391953   0.3280816    0.000000    0.000000    0.000000    0.000000   0.0027040    0.015000    0.015000   0.0019000    0.001989    0.002000    0.000000    0.000000   0.0007000
1972   7  15   0  41513.00   -0.010747    0.393053   0.3253726    0.000000    0.000000    0.000000    0.000000   0.0027000    0.015000    0.015000   0.0019000    0.001989    0.002000    0.000000    0.000000   0.0007000
1972   7  16   0  41514.00   -0.007646    0.394254   0.3226967    0.000000    0.000000    0.000000    0.000000   0.0026500    0.015000    0.015000   0.0019000    0.001989    0.002000    0.000000    0.000000   0.0007000
1972   7  17   0  41515.00   -0.004546    0.395354   0.3201008    0.000000    0.000000    0.000000    0.000000   0.0025340    0.015000    0.015000   0.0019000    0.001989    0.002000    0.000000    0.000000   0.0007000
1972   7  18   0  41516.00   -0.001446    0.396354   0.3176409    0.000000    0.000000    0.000000    0.000000   0.0023930    0.015000    0.015000   0.0019000    0.001989    0.002000    0.000000    0.000000   0.0007000
1972   7  19   0  41517.00    0.001654    0.397354   0.3153199    0.000000    0.000000    0.000000    0.000000   0.0022370    0.015000    0.015000   0.0019000    0.001989    0.002000    0.000000    0.000000   0.0007000
1972   7  20   0  41518.00    0.004655    0.398355   0.3131630    0.000000    0.000000    0.000000    0.000000   0.0020880    0.015000    0.015000   0.0019000    0.001989    0.002000    0.000000    0.000000   0.0007000
1972   7  21   0  41519.00    0.007755    0.399255   0.3111441    0.000000    0.000000    0.000000    0.000000   0.0019780    0.015000    0.015000   0.0019000    0.001989    0.002000    0.000000    0.000000   0.0007000
1972   7  22   0  41520.00    0.010755    0.400055   0.3092012    0.000000    0.000000    0.000000    0.000000   0.0019180    0.015000    0.015000   0.0019000    0.001989    0.002000    0.000000    0.000000   0.0007000
1972   7  23   0  41521.00    0.013756    0.400856   0.3072862    0.000000    0.000000    0.000000    0.000000   0.0019240    0.015000    0.015000   0.0019000    0.001989    0.002000    0.000000    0.000000   0.0007000
1972   7  24   0  41522.00    0.016756    0.401656   0.3053273    0.000000    0.000000    0.000000    0.000000   0.0020160    0.015000    0.015000   0.0019000    0.001989    0.002000    0.000000    0.000000   0.0007000
1972   7  25   0  41523.00    0.019756    0.402356   0.3032384    0.000000    0.000000    0.000000    0.000000   0.0021730    0.015000    0.015000   0.0019000    0.001989    0.002000    0.000000    0.000000   0.0007000
1972   7  26   0  41524.00    0.022656    0.402956   0.3009495    0.000000    0.000000    0.000000    0.000000   0.0024020    0.015000    0.015000   0.0019000    0.001989    0.002000    0.000000    0.000000   0.0007000
1972   7  27   0  41525.00    0.025557    0.403557   0.2984135    0.000000    0.000000    0.000000    0.000000   0.0026630    0.015000    0.015000   0.0019000    0.001989    0.002000    0.000000    0.000000   0.0007000
1972   7  28   0  41526.00    0.028457    0.404157   0.2956176    0.000000    0.000000    0.000000    0.000000   0.0029230    0.015000    0.015000   0.0019000    0.001989    0.002000    0.000000    0.000000   0.0007000
1972   7  29   0  41527.00    0.031257    0.404657   0.2925977    0.000000    0.000000    0.000000    0.000000   0.0031140    0.015000    0.015000   0.0019000    0.001989    0.002000    0.000000    0.000000   0.0007000
1972   7  30   0  41528.00    0.034058    0.405058   0.2894227    0.000000    0.000000    0.000000    0.000000   0.0032060    0.015000    0.015000   0.0019000    0.001989    0.002000    0.000000    0.000000   0.0007000
1972   7  31   0  41529.00    0.036758    0.405458   0.2862148    0.000000    0.000000    0.000000    0.000000   0.0031910    0.015000    0.015000   0.0019000    0.001989    0.002000    0.000000    0.000000   0.0007000
1972   8   1   0  41530.00    0.039458    0.405858   0.2830859    0.000000    0.000000    0.000000    0.000000   0.0030540    0.015000    0.015000   0.0019000    0.001989    0.002000    0.000000    0.000000   0.0007000
1972   8   2   0  41531.00    0.042158    0.406158   0.2801290    0.000000    0.000000    0.000000    0.000000   0.0028530    0.015000    0.015000   0.0019000    0.001989    0.002000    0.000000    0.000000   0.0007000
1972   8   3   0  41532.00    0.044759    0.406459   0.2773810    0.000000    0.000000    0.000000    0.000000   0.0026460    0.015000    0.015000   0.0019000    0.001989    0.002000    0.000000    0.000000   0.0007000
1972   8   4   0  41533.00    0.047359    0.406659   0.2748301    0.000000    0.000000    0.000000    0.000000   0.0024790    0.015000    0.015000   0.0019000    0.001989    0.002000    0.000000    0.000000   0.0007000
1972   8   5   0  41534.00    0.049859    0.406759   0.2723912    0.000000    0.000000    0.000000    0.000000   0.0023960    0.015000    0.015000   0.0019000    0.001989    0.002000    0.000000    0.000000   0.0007000
1972   8   6   0  41535.00    0.052359    0.406859   0.2700003    0.000000    0.000000    0.000000    0.000000   0.0024060    0.015000    0.015000   0.0019000    0.001989    0.002000    0.000000    0.000000   0.0007000
1972   8   7   0  41536.00    0.054760    0.406960   0.2675373    0.000000    0.000000    0.000000    0.000000   0.0025240    0.015000    0.015000   0.0019000    0.001989    0.002000    0.000000    0.000000   0.0007000
1972   8   8   0  41537.00    0.057160    0.406960   0.2649414    0.000000    0.000000    0.000000    0.000000   0.0026910    0.015000    0.015000   0.0019000    0.001989    0.002000    0.000000    0.000000   0.0007000
1972   8   9   0  41538.00    0.059460    0.406860   0.2621645    0.000000    0.000000    0.000000    0.000000   0.0028500    0.015000    0.015000   0.0019000    0.001989    0.002000    0.000000    0.000000   0.0007000
1972   8  10   0  41539.00    0.061761    0.406761   0.2592475    0.000000    0.000000    0.000000    0.000000   0.0029600    0.015000    0.015000   0.0019000    0.001989    0.002000    0.000000    0.000000   0.0007000
1972   8  11   0  41540.00    0.063961    0.406561   0.2562806    0.000000    0.000000    0.000000    0.000000   0.0029800    0.015000    0.015000   0.0019000    0.001989    0.002000    0.000000    0.000000   0.0007000
1972   8  12   0  41541.00    0.066161    0.406361   0.2533167    0.000000    0.000000    0.000000    0.000000   0.0029230    0.015000    0.015000   0.0019000    0.001989    0.002000    0.000000    0.000000   0.0007000
1972   8  13   0  41542.00    0.068261    0.406061   0.2504588    0.000000    0.000000    0.000000    0.000000   0.0027950    0.015000    0.015000   0.0019000    0.001989    0.002000    0.000000    0.000000   0.0007000
1972   8  14   0  41543.00    0.070262    0.405762   0.2477338    0.000000    0.000000    0.000000    0.000000   0.0026290    0.015000    0.015000   0.0019000    0.001989    0.002000    0.000000    0.000000   0.0007000
1972   8  15   0  41544.00    0.072362    0.405362   0.2452079    0.000000    0.000000    0.000000    0.000000   0.0024300    0.015000    0.015000   0.0019000    0.001989    0.002000    0.000000    0.000000   0.0007000
1972   8  16   0  41545.00    0.074262    0.404862   0.2428730    0.000000    0.000000    0.000000    0.000000   0.0022330    0.015000    0.015000   0.0019000    0.001989    0.002000    0.000000    0.000000   0.0007000
1972   8  17   0  41546.00    0.076162    0.404362   0.2407260    0.000000    0.000000    0.000000    0.000000   0.0020790    0.015000    0.015000   0.0019000    0.001989    0.002000    0.000000    0.000000   0.0007000
1972   8  18   0  41547.00    0.078063    0.403763   0.2387111    0.000000    0.000000    0.000000    0.000000   0.0019590    0.015000    0.015000   0.0019000    0.001989    0.002000    0.000000    0.000000   0.0007000
1972   8  19   0  41548.00    0.079863    0.403163   0.2367862    0.000000    0.000000    0.000000    0.000000   0.0019110    0.015000    0.015000   0.0019000    0.001989    0.002000    0.000000    0.000000   0.0007000
1972   8  20   0  41549.00    0.081663    0.402363   0.2348643    0.000000    0.000000    0.000000    0.000000   0.0019460    0.015000    0.015000   0.0019000    0.001989    0.002000    0.000000    0.000000   0.0007000
1972   8  21   0  41550.00    0.083364    0.401664   0.2328693    0.000000    0.000000    0.000000    0.000000   0.0020570    0.015000    0.015000   0.0019000    0.001989    0.002000    0.000000    0.000000   0.0007000
1972   8  22   0  41551.00    0.085064    0.400764   0.2307274    0.000000    0.000000    0.000000    0.000000   0.0022490    0.015000    0.015000   0.0019000    0.001989    0.002000    0.000000    0.000000   0.0007000
1972   8  23   0  41552.00    0.086664    0.399864   0.2283655    0.000000    0.000000    0.000000    0.000000   0.0024910    0.015000    0.015000   0.0019000    0.001989    0.002000    0.000000    0.000000   0.0007000
1972   8  24   0  41553.00    0.088264    0.398864   0.2257515    0.000000    0.000000    0.000000    0.000000   0.0027450    0.015000    0.015000   0.0019000    0.001989    0.002000    0.000000    0.000000   0.0007000
1972   8  25   0  41554.00    0.089865    0.397765   0.2228886    0.000000    0.000000    0.000000    0.000000   0.0029690    0.015000    0.015000   0.0019000    0.001989    0.002000    0.000000    0.000000   0.0007000
1972   8  26   0  41555.00    0.091365    0.396665   0.2198547    0.000000    0.000000    0.000000    0.000000   0.0031000    0.015000    0.015000   0.0019000    0.001989    0.002000    0.000000    0.000000   0.0007000
1972   8  27   0  41556.00    0.092865    0.395465   0.2167317    0.000000    0.000000    0.000000    0.000000   0.0031120    0.015000    0.015000   0.0019000    0.001989    0.002000    0.000000    0.000000   0.0007000
1972   8  28   0  41557.00    0.094265    0.394265   0.2136628    0.000000    0.000000    0.000000    0.000000   0.0029980    0.015000    0.015000   0.0019000    0.001989    0.002000    0.000000    0.000000   0.0007000
1972   8  29   0  41558.00    0.095666    0.392966   0.2107649    0.000000    0.000000    0.000000    0.000000   0.0027980    0.015000    0.015000   0.0019000    0.001989    0.002000    0.000000    0.000000   0.0007000
1972   8  30   0  41559.00    0.097066    0.391566   0.2080740    0.000000    0.000000    0.000000    0.000000   0.0025770    0.015000    0.015000   0.0019000    0.001989    0.002000    0.000000    0.000000   0.0007000
1972   8  31   0  41560.00    0.098466    0.390166   0.2055960    0.000000    0.000000    0.000000    0.000000   0.0024000    0.015000    0.015000   0.0019000    0.001989    0.002000    0.000000    0.000000   0.0007000
1972   9   1   0  41561.00    0.099767    0.388667   0.2032421    0.000000    0.000000    0.000000    0.000000   0.0023170    0.015000    0.015000   0.0019000    0.001989    0.002000    0.000000    0.000000   0.0007000
1972   9   2   0  41562.00    0.101067    0.387067   0.2009152    0.000000    0.000000    0.000000    0.000000   0.0023450    0.015000    0.015000   0.0019000    0.001989    0.002000    0.000000    0.000000   0.0007000
1972   9   3   0  41563.00    0.102267    0.385467   0.1985182    0.000000    0.000000    0.000000    0.000000   0.0024730    0.015000    0.015000   0.0019000    0.001989    0.002000    0.000000    0.000000   0.0007000
1972   9   4   0  41564.00    0.103567    0.383767   0.1959473    0.000000    0.000000    0.000000    0.000000   0.0026680    0.015000    0.015000   0.0019000    0.001989    0.002000    0.000000    0.000000   0.0007000
1972   9   5   0  41565.00    0.104768    0.382068   0.1931764    0.000000    0.000000    0.000000    0.000000   0.0028820    0.015000    0.015000   0.0019000    0.001989    0.002000    0.000000    0.000000   0.0007000
1972   9   6   0  41566.00    0.105968    0.380368   0.1901914    0.000000    0.000000    0.000000    0.000000   0.0030690    0.015000    0.015000   0.0019000    0.001989    0.002000    0.000000    0.000000   0.0007000
1972   9   7   0  41567.00    0.107168    0.378568   0.1870595    0.000000    0.000000    0.000000    0.000000   0.0031830    0.015000    0.015000   0.0019000    0.001989    0.002000    0.000000    0.000000   0.0007000
1972   9   8   0  41568.00    0.108268    0.376668   0.1838536    0.000000    0.000000    0.000000    0.000000   0.0032240    0.015000    0.015000   0.0019000    0.001989    0.002000    0.000000    0.000000   0.0007000
1972   9   9   0  41569.00    0.109469    0.374769   0.1806376    0.000000    0.000000    0.000000    0.000000   0.0031870    0.015000    0.015000   0.0019000    0.001989    0.002000    0.000000    0.000000   0.0007000
1972   9  10   0  41570.00    0.110569    0.372869   0.1775007    0.000000    0.000000    0.000000    0.000000   0.0030780    0.015000    0.015000   0.0019000    0.001989    0.002000    0.000000    0.000000   0.0007000
1972   9  11   0  41571.00    0.111669    0.370969   0.1744928    0.000000    0.000000    0.000000    0.000000   0.0029350    0.015000    0.015000   0.0019000    0.001989    0.002000    0.000000    0.000000   0.0007000
1972   9  12   0  41572.00    0.112770    0.368970   0.1716338    0.000000    0.000000    0.000000    0.000000   0.0027940    0.015000    0.015000   0.0019000    0.001989    0.002000    0.000000    0.000000   0.0007000
1972   9  13   0  41573.00    0.113870    0.366870   0.1688999    0.000000    0.000000    0.000000    0.000000   0.0026690    0.015000    0.015000   0.0019000    0.001989    0.002000    0.000000    0.000000   0.0007000
1972   9  14   0  41574.00    0.114970    0.364870   0.1662820    0.000000    0.000000    0.000000    0.000000   0.0025740    0.015000    0.015000   0.0019000    0.001989    0.002000    0.000000    0.000000   0.0007000
1972   9  15   0  41575.00    0.116070    0.362770   0.1637230    0.000000    0.000000    0.000000    0.000000   0.0025440    0.015000    0.015000   0.0019000    0.001989    0.002000    0.000000    0.000000   0.0007000
1972   9  16   0  41576.00    0.117171    0.360671   0.1611721    0.000000    0.000000    0.000000    0.000000   0.0025800    0.015000    0.015000   0.0019000    0.001989    0.002000    0.000000    0.000000   0.0007000
1972   9  17   0  41577.00    0.118271    0.358471   0.1585382    0.000000    0.000000    0.000000    0.000000   0.0026900    0.015000    0.015000   0.0019000    0.001989    0.002000    0.000000    0.000000   0.0007000
1972   9  18   0  41578.00    0.119371    0.356371   0.1557772    0.000000    0.000000    0.000000    0.000000   0.0028620    0.015000    0.015000   0.0019000    0.001989    0.002000    0.000000    0.000000   0.0007000
1972   9  19   0  41579.00    0.120471    0.354171   0.1527943    0.000000    0.000000    0.000000    0.000000   0.0031040    0.015000    0.015000   0.0019000    0.001989    0.002000    0.000000    0.000000   0.0007000
1972   9  20   0  41580.00    0.121572    0.351972   0.1495584    0.000000    0.000000    0.000000    0.000000   0.0033700    0.015000    0.015000   0.0019000    0.001989    0.002000    0.000000    0.000000   0.0007000
1972   9  21   0  41581.00    0.122672    0.349672   0.1460474    0.000000    0.000000    0.000000    0.000000   0.0036370    0.015000    0.015000   0.0019000    0.001989    0.002000    0.000000    0.000000   0.0007000
1972   9  22   0  41582.00    0.123772    0.347472   0.1423065    0.000000    0.000000    0.000000    0.000000   0.0038290    0.015000    0.015000   0.0019000    0.001989    0.002000    0.000000    0.000000   0.0007000
1972   9  23   0  41583.00    0.124873    0.345173   0.1384286    0.000000    0.000000    0.000000    0.000000   0.0039040    0.015000    0.015000   0.0019000    0.001989    0.002000    0.000000    0.000000   0.0007000
1972   9  24   0  41584.00    0.125973    0.342873   0.1345356    0.000000    0.000000    0.000000    0.000000   0.0038470    0.015000    0.015000   0.0019000    0.001989    0.002000    0.000000    0.000000   0.0007000
1972   9  25   0  41585.00    0.127173    0.340573   0.1307847    0.000000    0.000000    0.000000    0.000000   0.0036610    0.015000    0.015000   0.0019000    0.001989    0.002000    0.000000    0.000000   0.0007000
1972   9  26   0  41586.00    0.128273    0.338273   0.1272448    0.000000    0.000000    0.000000    0.000000   0.0034150    0.015000    0.015000   0.0019000    0.001989    0.002000    0.000000    0.000000   0.0007000
1972   9  27   0  41587.00    0.129474    0.335974   0.1239578    0.000000    0.000000    0.000000    0.000000   0.0031790    0.015000    0.015000   0.0019000    0.001989    0.002000    0.000000    0.000000   0.0007000
1972   9  28   0  41588.00    0.130574    0.333574   0.1208569    0.000000    0.000000    0.000000    0.000000   0.0030410    0.015000    0.015000   0.0019000    0.001989    0.002000    0.000000    0.000000   0.0007000
1972   9  29   0  41589.00    0.131774    0.331274   0.1178350    0.000000    0.000000    0.000000    0.000000   0.0030120    0.015000    0.015000   0.0019000    0.001989    0.002000    0.000000    0.000000   0.0007000
1972   9  30   0  41590.00    0.132974    0.328874   0.1147850    0.000000    0.000000    0.000000    0.000000   0.0030930    0.015000    0.015000   0.0019000    0.001989    0.002000    0.000000    0.000000   0.0007000
1972  10   1   0  41591.00    0.134075    0.326475   0.1116131    0.000000    0.000000    0.000000    0.000000   0.0032480    0.015000    0.015000   0.0019000    0.001989    0.002000    0.000000    0.000000   0.0007000
1972  10   2   0  41592.00    0.135275    0.324075   0.1082811    0.000000    0.000000    0.000000    0.000000   0.0034280    0.015000    0.015000   0.0019000    0.001989    0.002000    0.000000    0.000000   0.0007000
1972  10   3   0  41593.00    0.136475    0.321675   0.1047742    0.000000    0.000000    0.000000    0.000000   0.0035800    0.015000    0.015000   0.0019000    0.001989    0.002000    0.000000    0.000000   0.0007000
1972  10   4   0  41594.00    0.137676    0.319276   0.1011273    0.000000    0.000000    0.000000    0.000000   0.0036830    0.015000    0.015000   0.0019000    0.001989    0.002000    0.000000    0.000000   0.0007000
1972  10   5   0  41595.00    0.138876    0.316776   0.0974223    0.000000    0.000000    0.000000    0.000000   0.0037160    0.015000    0.015000   0.0019000    0.001989    0.002000    0.000000    0.000000   0.0007000
1972  10   6   0  41596.00    0.140076    0.314376   0.0937204    0.000000    0.000000    0.000000    0.000000   0.0036660    0.015000    0.015000   0.0019000    0.001989    0.002000    0.000000    0.000000   0.0007000
1972  10   7   0  41597.00    0.141276    0.311876   0.0901025    0.000000    0.000000    0.000000    0.000000   0.0035610    0.015000    0.015000   0.0019000    0.001989    0.002000    0.000000    0.000000   0.0007000
1972  10   8   0  41598.00    0.142477    0.309377   0.0866235    0.000000    0.000000    0.000000    0.000000   0.0034020    0.015000    0.015000   0.0019000    0.001989    0.002000    0.000000    0.000000   0.0007000
1972  10   9   0  41599.00    0.143577    0.306877   0.0833036    0.000000    0.000000    0.000000    0.000000   0.0032250    0.015000    0.015000   0.0019000    0.001989    0.002000    0.000000    0.000000   0.0007000
1972  10  10   0  41600.00    0.144777    0.304377   0.0801607    0.000000    0.000000    0.000000    0.000000   0.0030550    0.015000    0.015000   0.0019000    0.001989    0.002000    0.000000    0.000000   0.0007000
1972  10  11   0  41601.00    0.145977    0.301877   0.0771827    0.000000    0.000000    0.000000    0.000000   0.0029180    0.015000    0.015000   0.0019000    0.001989    0.002000    0.000000    0.000000   0.0007000
1972  10  12   0  41602.00    0.147078    0.299378   0.0743188    0.000000    0.000000    0.000000    0.000000   0.0028300    0.015000    0.015000   0.0019000    0.001989    0.002000    0.000000    0.000000   0.0007000
1972  10  13   0  41603.00    0.148178    0.296878   0.0715018    0.000000    0.000000    0.000000    0.000000   0.0028050    0.015000    0.015000   0.0019000    0.001989    0.002000    0.000000    0.000000   0.0007000
1972  10  14   0  41604.00    0.149278    0.294378   0.0686849    0.000000    0.000000    0.000000    0.000000   0.0028480    0.015000    0.015000   0.0019000    0.001989    0.002000    0.000000    0.000000   0.0007000
1972  10  15   0  41605.00    0.150279    0.291879   0.0657940    0.000000    0.000000    0.000000    0.000000   0.0029470    0.015000    0.015000   0.0019000    0.001989    0.002000    0.000000    0.000000   0.0007000
1972  10  16   0  41606.00    0.151379    0.289379   0.0627610    0.000000    0.000000    0.000000    0.000000   0.0031160    0.015000    0.015000   0.0019000    0.001989    0.002000    0.000000    0.000000   0.0007000
1972  10  17   0  41607.00    0.152379    0.286779   0.0595471    0.000000    0.000000    0.000000    0.000000   0.0033290    0.015000    0.015000   0.0019000    0.001989    0.002000    0.000000    0.000000   0.0007000
1972  10  18   0  41608.00    0.153279    0.284279   0.0560992    0.000000    0.000000    0.000000    0.000000   0.0035560    0.015000    0.015000   0.0019000    0.001989    0.002000    0.000000    0.000000   0.0007000
1972  10  19   0  41609.00    0.154280    0.281780   0.0524442    0.000000    0.000000    0.000000    0.000000   0.0037530    0.015000    0.015000   0.0019000    0.001989    0.002000    0.000000    0.000000   0.0007000
1972  10  20   0  41610.00    0.155080    0.279280   0.0486223    0.000000    0.000000    0.000000    0.000000   0.0038650    0.015000    0.015000   0.0019000    0.001989    0.002000    0.000000    0.000000   0.0007000
1972  10  21   0  41611.00    0.155980    0.276780   0.0447563    0.000000    0.000000    0.000000    0.000000   0.0038520    0.015000    0.015000   0.0019000    0.001989    0.002000    0.000000    0.000000   0.0007000
1972  10  22   0  41612.00    0.156781    0.274281   0.0409634    0.000000    0.000000    0.000000    0.000000   0.0037040    0.015000    0.015000   0.0019000    0.001989    0.002000    0.000000    0.000000   0.0007000
1972  10  23   0  41613.00    0.157481    0.271781   0.0373825    0.000000    0.000000    0.000000    0.000000   0.0034470    0.015000    0.015000   0.0019000    0.001989    0.002000    0.000000    0.000000   0.0007000
1972  10  24   0  41614.00    0.158181    0.269281   0.0340675    0.000000    0.000000    0.000000    0.000000   0.0031760    0.015000    0.015000   0.0019000    0.001989    0.002000    0.000000    0.000000   0.0007000
1972  10  25   0  41615.00    0.158781    0.266781   0.0310106    0.000000    0.000000    0.000000    0.000000   0.0029640    0.015000    0.015000   0.0019000    0.001989    0.002000    0.000000    0.000000   0.0007000
1972  10  26   0  41616.00    0.159382    0.264382   0.0281106    0.000000    0.000000    0.000000    0.000000   0.0028570    0.015000    0.015000   0.0019000    0.001989    0.002000    0.000000    0.000000   0.0007000
1972  10  27   0  41617.00    0.159882    0.261882   0.0252537    0.000000    0.000000    0.000000    0.000000   0.0028850    0.015000    0.015000   0.0019000    0.001989    0.002000    0.000000    0.000000   0.0007000
1972  10  28   0  41618.00    0.160382    0.259482   0.0223188    0.000000    0.000000    0.000000    0.000000   0.0029950    0.015000    0.015000   0.0019000    0.001989    0.002000    0.000000    0.000000   0.0007000
1972  10  29   0  41619.00    0.160782    0.257082   0.0192408    0.000000    0.000000    0.000000    0.000000   0.0031510    0.015000    0.015000   0.0019000    0.001989    0.002000    0.000000    0.000000   0.0007000
1972  10  30   0  41620.00    0.161183    0.254683   0.0160329    0.000000    0.000000    0.000000    0.000000   0.0032810    0.015000    0.015000   0.0019000    0.001989    0.002000    0.000000    0.000000   0.0007000
1972  10  31   0  41621.00    0.161483    0.252383   0.0126969    0.000000    0.000000    0.000000    0.000000   0.0033700    0.015000    0.015000   0.0019000    0.001989    0.002000    0.000000    0.000000   0.0007000
1972  11   1   0  41622.00    0.161683    0.250083   0.0093150    0.000000    0.000000    0.000000    0.000000   0.0033940    0.015000    0.015000   0.0019000    0.001989    0.002000    0.000000    0.000000   0.0007000
1972  11   2   0  41623.00    0.161884    0.247784   0.0059321    0.000000    0.000000    0.000000    0.000000   0.0033610    0.015000    0.015000   0.0019000    0.001989    0.002000    0.000000    0.000000   0.0007000
1972  11   3   0  41624.00    0.162084    0.245484   0.0026121    0.000000    0.000000    0.000000    0.000000   0.0032610    0.015000    0.015000   0.0019000    0.001989    0.002000    0.000000    0.000000   0.0007000
1972  11   4   0  41625.00    0.162184    0.243284  -0.0005848    0.000000    0.000000    0.000000    0.000000   0.0031260    0.015000    0.015000   0.0019000    0.001989    0.002000    0.000000    0.000000   0.0007000
1972  11   5   0  41626.00    0.162184    0.241084  -0.0036308    0.000000    0.000000    0.000000    0.000000   0.0029660    0.015000    0.015000   0.0019000    0.001989    0.002000    0.000000    0.000000   0.0007000
1972  11   6   0  41627.00    0.162185    0.238885  -0.0065167    0.000000    0.000000    0.000000    0.000000   0.0028160    0.015000    0.015000   0.0019000    0.001989    0.002000    0.000000    0.000000   0.0007000
1972  11   7   0  41628.00    0.162085    0.236685  -0.0092726    0.000000    0.000000    0.000000    0.000000   0.0026910    0.015000    0.015000   0.0019000    0.001989    0.002000    0.000000    0.000000   0.0007000
1972  11   8   0  41629.00    0.161985    0.234585  -0.0119246    0.000000    0.000000    0.000000    0.000000   0.0026210    0.015000    0.015000   0.0019000    0.001989    0.002000    0.000000    0.000000   0.0007000
1972  11   9   0  41630.00    0.161885    0.232485  -0.0145245    0.000000    0.000000    0.000000    0.000000   0.0026100    0.015000    0.015000   0.0019000    0.001989    0.002000    0.000000    0.000000   0.0007000
1972  11  10   0  41631.00    0.161686    0.230486  -0.0171555    0.000000    0.000000    0.000000    0.000000   0.0026530    0.015000    0.015000   0.0019000    0.001989    0.002000    0.000000    0.000000   0.0007000
1972  11  11   0  41632.00    0.161486    0.228486  -0.0198624    0.000000    0.000000    0.000000    0.000000   0.0027690    0.015000    0.015000   0.0019000    0.001989    0.002000    0.000000    0.000000   0.0007000
1972  11  12   0  41633.00    0.161186    0.226486  -0.0227224    0.000000    0.000000    0.000000    0.000000   0.0029390    0.015000    0.015000   0.0019000    0.001989    0.002000    0.000000    0.000000   0.0007000
1972  11  13   0  41634.00    0.160887    0.224487  -0.0257643    0.000000    0.000000    0.000000    0.000000   0.0031520    0.015000    0.015000   0.0019000    0.001989    0.002000    0.000000    0.000000   0.0007000
1972  11  14   0  41635.00    0.160487    0.222587  -0.0290322    0.000000    0.000000    0.000000    0.000000   0.0033940    0.015000    0.015000   0.0019000    0.001989    0.002000    0.000000    0.000000   0.0007000
1972  11  15   0  41636.00    0.160187    0.220587  -0.0325392    0.000000    0.000000    0.000000    0.000000   0.0036170    0.015000    0.015000   0.0019000    0.001989    0.002000    0.000000    0.000000   0.0007000
1972  11  16   0  41637.00    0.159787    0.218687  -0.0362481    0.000000    0.000000    0.000000    0.000000   0.0037880    0.015000    0.015000   0.0019000    0.001989    0.002000    0.000000    0.000000   0.0007000
1972  11  17   0  41638.00    0.159388    0.216888  -0.0400841    0.000000    0.000000    0.000000    0.000000   0.0038650    0.015000    0.015000   0.0019000    0.001989    0.002000    0.000000    0.000000   0.0007000
1972  11  18   0  41639.00    0.158888    0.214988  -0.0439390    0.000000    0.000000    0.000000    0.000000   0.0038230    0.015000    0.015000   0.0019000    0.001989    0.002000    0.000000    0.000000   0.0007000
1972  11  19   0  41640.00    0.158388    0.213088  -0.0476940    0.000000    0.000000    0.000000    0.000000   0.0036700    0.015000    0.015000   0.0019000    0.001989    0.002000    0.000000    0.000000   0.0007000
1972  11  20   0  41641.00    0.157888    0.211288  -0.0512579    0.000000    0.000000    0.000000    0.000000   0.0034560    0.015000    0.015000   0.0019000    0.001989    0.002000    0.000000    0.000000   0.0007000
1972  11  21   0  41642.00    0.157389    0.209389  -0.0546098    0.000000    0.000000    0.000000    0.000000   0.0032560    0.015000    0.015000   0.0019000    0.001989    0.002000    0.000000    0.000000   0.0007000
1972  11  22   0  41643.00    0.156889    0.207589  -0.0578008    0.000000    0.000000    0.000000    0.000000   0.0031460    0.015000    0.015000   0.0019000    0.001989    0.002000    0.000000    0.000000   0.0007000
1972  11  23   0  41644.00    0.156389    0.205689  -0.0609437    0.000000    0.000000    0.000000    0.000000   0.0031630    0.015000    0.015000   0.0019000    0.001989    0.002000    0.000000    0.000000   0.0007000
1972  11  24   0  41645.00    0.155790    0.203890  -0.0641647    0.000000    0.000000    0.000000    0.000000   0.0032930    0.015000    0.015000   0.0019000    0.001989    0.002000    0.000000    0.000000   0.0007000
1972  11  25   0  41646.00    0.155190    0.201990  -0.0675406    0.000000    0.000000    0.000000    0.000000   0.0034750    0.015000    0.015000   0.0019000    0.001989    0.002000    0.000000    0.000000   0.0007000
1972  11  26   0  41647.00    0.154590    0.200190  -0.0711126    0.000000    0.000000    0.000000    0.000000   0.0036520    0.015000    0.015000   0.0019000    0.001989    0.002000    0.000000    0.000000   0.0007000
1972  11  27   0  41648.00    0.153990    0.198290  -0.0748375    0.000000    0.000000    0.000000    0.000000   0.0037750    0.015000    0.015000   0.0019000    0.001989    0.002000    0.000000    0.000000   0.0007000
1972  11  28   0  41649.00    0.153391    0.196391  -0.0786364    0.000000    0.000000    0.000000    0.000000   0.0038120    0.015000    0.015000   0.0019000    0.001989    0.002000    0.000000    0.000000   0.0007000
1972  11  29   0  41650.00    0.152791    0.194491  -0.0824264    0.000000    0.000000    0.000000    0.000000   0.0037670    0.015000    0.015000   0.0019000    0.001989    0.002000    0.000000    0.000000   0.0007000
1972  11  30   0  41651.00    0.152191    0.192591  -0.0861503    0.000000    0.000000    0.000000    0.000000   0.0036630    0.015000    0.015000   0.0019000    0.001989    0.002000    0.000000    0.000000   0.0007000
1972  12   1   0  41652.00    0.151491    0.190691  -0.0897383    0.000000    0.000000    0.000000    0.000000   0.0035080    0.015000    0.015000   0.0019000    0.001989    0.002000    0.000000    0.000000   0.0007000
1972  12   2   0  41653.00    0.150892    0.188792  -0.0931682    0.000000    0.000000    0.000000    0.000000   0.0033410    0.015000    0.015000   0.0019000    0.001989    0.002000    0.000000    0.000000   0.0007000
1972  12   3   0  41654.00    0.150192    0.186792  -0.0964192    0.000000    0.000000    0.000000    0.000000   0.0031500    0.015000    0.015000   0.0019000    0.001989    0.002000    0.000000    0.000000   0.0007000
1972  12   4   0  41655.00    0.149492    0.184892  -0.0994761    0.000000    0.000000    0.000000    0.000000   0.0029790    0.015000    0.015000   0.0019000    0.001989    0.002000    0.000000    0.000000   0.0007000
1972  12   5   0  41656.00    0.148893    0.182893  -0.1023891    0.000000    0.000000    0.000000    0.000000   0.0028570    0.015000    0.015000   0.0019000    0.001989    0.002000    0.000000    0.000000   0.0007000
1972  12   6   0  41657.00    0.148193    0.180893  -0.1052090    0.000000    0.000000    0.000000    0.000000   0.0027920    0.015000    0.015000   0.0019000    0.001989    0.002000    0.000000    0.000000   0.0007000
1972  12   7   0  41658.00    0.147493    0.178793  -0.1079840    0.000000    0.000000    0.000000    0.000000   0.0027810    0.015000    0.015000   0.0019000    0.001989    0.002000    0.000000    0.000000   0.0007000
1972  12   8   0  41659.00    0.146793    0.176793  -0.1107919    0.000000    0.000000    0.000000    0.000000   0.0028320    0.015000    0.015000   0.0019000    0.001989    0.002000    0.000000    0.000000   0.0007000
1972  12   9   0  41660.00    0.146094    0.174694  -0.1136778    0.000000    0.000000    0.000000    0.000000   0.0029380    0.015000    0.015000   0.0019000    0.001989    0.002000    0.000000    0.000000   0.0007000
1972  12  10   0  41661.00    0.145294    0.172594  -0.1166898    0.000000    0.000000    0.000000    0.000000   0.0031020    0.015000    0.015000   0.0019000    0.001989    0.002000    0.000000    0.000000   0.0007000
1972  12  11   0  41662.00    0.144594    0.170494  -0.1198767    0.000000    0.000000    0.000000    0.000000   0.0032730    0.015000    0.015000   0.0019000    0.001989    0.002000    0.000000    0.000000   0.0007000
1972  12  12   0  41663.00    0.143894    0.168394  -0.1232337    0.000000    0.000000    0.000000    0.000000   0.0034460    0.015000    0.015000   0.0019000    0.001989    0.002000    0.000000    0.000000   0.0007000
1972  12  13   0  41664.00    0.143095    0.166295  -0.1267456    0.000000    0.000000    0.000000    0.000000   0.0035800    0.015000    0.015000   0.0019000    0.001989    0.002000    0.000000    0.000000   0.0007000
1972  12  14   0  41665.00    0.142295    0.164095  -0.1303706    0.000000    0.000000    0.000000    0.000000   0.0036440    0.015000    0.015000   0.0019000    0.001989    0.002000    0.000000    0.000000   0.0007000
1972  12  15   0  41666.00    0.141595    0.161995  -0.1340125    0.000000    0.000000    0.000000    0.000000   0.0036240    0.015000    0.015000   0.0019000    0.001989    0.002000    0.000000    0.000000   0.0007000
1972  12  16   0  41667.00    0.140796    0.159796  -0.1375735    0.000000    0.000000    0.000000    0.000000   0.0034950    0.015000    0.015000   0.0019000    0.001989    0.002000    0.000000    0.000000   0.0007000
1972  12  17   0  41668.00    0.139896    0.157596  -0.1409774    0.000000    0.000000    0.000000    0.000000   0.0033030    0.015000    0.015000   0.0019000    0.001989    0.002000    0.000000    0.000000   0.0007000
1972  12  18   0  41669.00    0.139096    0.155396  -0.1441854    0.000000    0.000000    0.000000    0.000000   0.0031060    0.015000    0.015000   0.0019000    0.001989    0.002000    0.000000    0.000000   0.0007000
1972  12  19   0  41670.00    0.138196    0.153196  -0.1472073    0.000000    0.000000    0.000000    0.000000   0.0029630    0.015000    0.015000   0.0019000    0.001989    0.002000    0.000000    0.000000   0.0007000
1972  12  20   0  41671.00    0.137397    0.150997  -0.1501363    0.000000    0.000000    0.000000    0.000000   0.0029180    0.015000    0.015000   0.0019000    0.001989    0.002000    0.000000    0.000000   0.0007000
1972  12  21   0  41672.00    0.136397    0.148797  -0.1530952    0.000000    0.000000    0.000000    0.000000   0.0030080    0.015000    0.015000   0.0019000    0.001989    0.002000    0.000000    0.000000   0.0007000
1972  12  22   0  41673.00    0.135497    0.146597  -0.1561932    0.000000    0.000000    0.000000    0.000000   0.0031870    0.015000    0.015000   0.0019000    0.001989    0.002000    0.000000    0.000000   0.0007000
1972  12  23   0  41674.00    0.134597    0.144297  -0.1594781    0.000000    0.000000    0.000000    0.000000   0.0033920    0.015000    0.015000   0.0019000    0.001989    0.002000    0.000000    0.000000   0.0007000
1972  12  24   0  41675.00    0.133598    0.142098  -0.1629631    0.000000    0.000000    0.000000    0.000000   0.0035560    0.015000    0.015000   0.0019000    0.001989    0.002000    0.000000    0.000000   0.0007000
1972  12  25   0  41676.00    0.132598    0.139898  -0.1665510    0.000000    0.000000    0.000000    0.000000   0.0036260    0.015000    0.015000   0.0019000    0.001989    0.002000    0.000000    0.000000   0.0007000
1972  12  26   0  41677.00    0.131598    0.137798  -0.1701840    0.000000    0.000000    0.000000    0.000000   0.0036150    0.015000    0.015000   0.0019000    0.001989    0.002000    0.000000    0.000000   0.0007000
1972  12  27   0  41678.00    0.130499    0.135599  -0.1737559    0.000000    0.000000    0.000000    0.000000   0.0035190    0.015000    0.015000   0.0019000    0.001989    0.002000    0.000000    0.000000   0.0007000
1972  12  28   0  41679.00    0.129399    0.133399  -0.1771979    0.000000    0.000000    0.000000    0.000000   0.0033760    0.015000    0.015000   0.0019000    0.001989    0.002000    0.000000    0.000000   0.0007000
1972  12  29   0  41680.00    0.128299    0.131299  -0.1804908    0.000000    0.000000    0.000000    0.000000   0.0032100    0.015000    0.015000   0.0019000    0.001989    0.002000    0.000000    0.000000   0.0007000
1972  12  30   0  41681.00    0.127199    0.129199  -0.1836158    0.000000    0.000000    0.000000    0.000000   0.0030410    0.015000    0.015000   0.0019000    0.001989    0.002000    0.000000    0.000000   0.0007000
1972  12  31   0  41682.00    0.126000    0.127100  -0.1865687    0.000000    0.000000    0.000000    0.000000   0.0028890    0.015000    0.015000   0.0019000    0.001989    0.002000    0.000000    0.000000   0.0007000
1973   1   1   0  41683.00    0.124800    0.125000   0.8105944    0.000000    0.000000    0.000000    0.000000   0.0027730    0.015000    0.015000   0.0019000    0.001989    0.002000    0.000000    0.000000   0.0007000
